$MeshFormat
2.2 0 8
$EndMeshFormat
$Nodes
15
1 1 0.5 0
2 1 0.25 0
3 0.75 0.375 0
4 1 0 0
5 0.75 0.125 0
6 0.5 0.25 0
7 1 -0.5 0
8 1 -0.25 0
9 0.75 -0.375 0
10 0.75 -0.125 0
11 0.5 -0.25 0
12 0.5 -6.93889e-18 0
13 0 0 0
14 0.25 0.125 0
15 0.25 -0.125 0
$EndNodes
$Elements
16
1 2 0 1 3 2 
2 2 0 4 2 5 
3 2 0 5 2 3 
4 2 0 5 3 6 
5 2 0 8 4 10 
6 2 0 10 4 5 
7 2 0 10 5 12 
8 2 0 12 5 6 
9 2 0 12 6 14 
10 2 0 7 8 9 
11 2 0 9 8 10 
12 2 0 9 10 11 
13 2 0 11 10 12 
14 2 0 11 12 15 
15 2 0 15 12 14 
16 2 0 15 14 13 
$EndElements
